a 0.66368 0.88670 0.96298 0.98750 0.99548 0.99856 0.99956 0.99987 0.99994 1
aa 0.26406 0.59227 0.79967 0.90649 0.95845 0.98176 0.99229 0.99661 0.99868 0.99947
aaa 0.06343 0.26649 0.49948 0.68742 0.81695 0.89793 0.94526 0.97075 0.98506 0.99236
aaaa 0.00863 0.07484 0.21003 0.37711 0.53966 0.67806 0.78228 0.8573 0.90887 0.94245
aaaaa 0.00063 0.01214 0.05214 0.12804 0.22975 0.34693 0.46716 0.57715 0.66995 0.75028
aaaaaa 0.00002 0.00084 0.00562 0.01955 0.04589 0.08712 0.14071 0.20454 0.27402 0.34784
ab 0.41686 0.74987 0.89809 0.95914 0.98286 0.99334 0.99722 0.99894 0.99964 0.99979
abc 0.24402 0.59096 0.79651 0.90006 0.9522 0.97649 0.98867 0.99420 0.99740 0.99882
abcd 0.12620 0.41479 0.64499 0.79092 0.87968 0.92926 0.9594 0.97626 0.98643 0.9919
abcde 0.05273 0.23794 0.43762 0.59721 0.71835 0.80346 0.86248 0.90534 0.93437 0.95394
aab 0.14836 0.45322 0.68883 0.83254 0.91326 0.95529 0.97624 0.98827 0.99434 0.99723
aaab 0.0288 0.17221 0.36984 0.55246 0.69875 0.80409 0.87501 0.92134 0.95158 0.97128
aabb 0.04264 0.22792 0.45539 0.64271 0.77563 0.86127 0.91516 0.94944 0.9699 0.98194
aabbc 0.01608 0.12098 0.28386 0.45142 0.5914 0.70294 0.78560 0.84607 0.88999 0.92232
aaabb 0.00588 0.06253 0.18543 0.33587 0.47981 0.60478 0.70567 0.7832 0.84311 0.88653
aaabbb 0.00043 0.00960 0.04274 0.10255 0.17936 0.26880 0.35625 0.43869 0.51672 0.58548
aabc 0.07284 0.30595 0.53846 0.71095 0.82096 0.89151 0.93481 0.96161 0.9772 0.98638
aabbcc 0.00188 0.02624 0.08962 0.17717 0.27430 0.36945 0.46122 0.54180 0.61072 0.6706
