 0 1 1 1 1 1 1 1 1 1 1 1 1 1 1 1 1 1 1 1 1 1 1 1 1 1 1 1 1 1 1 1 1 1 1 1 1 1 1 1 1 1 1 1 1 1 1 1 1 1 1 1 1 1 1 1 1 1 1 1 1 1 1 1 1 1 1 1 1 1 1 1 1 1 1 1 1 1 1 1 1 1 1 1 1 1 1 1 1 1 1 1 1 1 1 1 1 1 1 1 1
 1 1 1 1 1 1 1 1 1 1 1 1 1 1 1 1 1 1 1 1 1 1 1 1 1 1 1 1 1 1 1 1 1 1 1 1 1 1 1 1 1 1 1 1 1 1 1 1 1 1 1 1 1 1 1 1 1 1 1 1 1 1 1 1 1 1 1 1 1 1 1 1 1 1 1 1 1 1 1 1 1 1 1 1 1 1 1 1 1 1 1 1 1 1 1 1 1 1 1 1 1
 2 1 1 1 1 1 1 1 1 1 1 1 1 1 1 1 1 1 1 1 1 1 1 1 1 1 1 1 1 1 1 1 1 1 1 1 1 1 1 1 1 1 1 1 1 1 1 1 1 1 1 1 1 1 1 1 1 1 1 1 1 1 1 1 1 1 1 1 1 1 1 1 1 1 1 1 1 1 1 1 1 1 1 1 1 1 1 1 1 1 1 1 1 1 1 1 1 1 1 1 1
 3 1 1 1 1 1 1 1 1 1 1 1 1 1 1 1 1 1 1 1 1 1 1 1 1 1 1 1 1 1 1 1 1 1 1 1 1 1 1 1 1 1 1 1 1 1 1 1 1 1 1 1 1 1 1 1 1 1 1 1 1 1 1 1 1 1 1 1 1 1 1 1 1 1 1 1 1 1 1 1 1 1 1 1 1 1 1 1 1 1 1 1 1 1 1 1 1 1 1 1 1
a 1 0.166716 0.305520 0.421215 0.517754 0.598225 0.665125 0.720936 0.767468 0.806208 0.838505 0.865417 0.887881 0.906578 0.922086 0.935119 0.945943 0.954926 0.962463 0.968703 0.973902 0.978304 0.981881 0.984904 0.987411 0.989518 0.991269 0.992699 0.993936 0.994945 0.995795 0.996492 0.997078 0.997570 0.997972 0.998302 0.998587 0.998826 0.999020 0.999187 0.999318 0.999434 0.999530 0.999608 0.999673 0.999725 0.999773 0.999812 0.999843 0.999868 0.999890 0.999908 0.999922 0.999936 0.999946 0.999953 0.999960 0.999968 0.999974 0.999978 0.999982 0.999985 0.999988 0.999991 0.999992 0.999994 0.999994 0.999996 0.999996 0.999997 0.999998 0.999998 0.999998 0.999999 0.999999 0.999999 0.999999 0.999999 0.999999 1.000000 1.000000 1.000000 1.000000 1.000000 1.000000 1.000000 1.000000 1.000000 1.000000 1.000000 1.000000 1.000000 1.000000 1.000000 1.000000 1.000000 1.000000 1.000000 1.000000 1.000000 1
a 2 0.305490 0.517794 0.665111 0.767445 0.838481 0.887816 0.922092 0.945875 0.962438 0.973932 0.981906 0.987434 0.991264 0.993943 0.995793 0.997073 0.997970 0.998590 0.999019 0.999318 0.999530 0.999668 0.999770 0.999843 0.999889 0.999924 0.999944 0.999961 0.999974 0.999982 0.999988 0.999992 0.999995 0.999996 0.999998 0.999998 0.999999 0.999999 1.000000 1.000000 1.000000 1.000000 1.000000 1.000000 1.000000 1.000000 1.000000 1.000000 1.000000 1 1 1.000000 1 1 1 1 1 1 1.000000 1 1 1 1 1 1 1 1 1 1 1 1 1 1 1 1 1 1 1 1 1 1 1 1 1 1 1 1 1 1 1 1 1 1 1 1 1 1 1 1 1
a 3 0.421300 0.665130 0.806186 0.887827 0.935054 0.962445 0.978266 0.987406 0.992713 0.995780 0.997560 0.998586 0.999186 0.999526 0.999726 0.999843 0.999909 0.999945 0.999968 0.999983 0.999990 0.999995 0.999997 0.999998 0.999999 1.000000 1.000000 1.000000 1.000000 1.000000 1.000000 1 1.000000 1 1 1 1 1 1 1 1 1 1 1 1 1 1 1 1 1 1 1 1 1 1 1 1 1 1 1 1 1 1 1 1 1 1 1 1 1 1 1 1 1 1 1 1 1 1 1 1 1 1 1 1 1 1 1 1 1 1 1 1 1 1 1 1 1 1 1
a 4 0.517804 0.767431 0.887793 0.945894 0.973883 0.987415 0.993932 0.997069 0.998592 0.999317 0.999673 0.999841 0.999923 0.999961 0.999983 0.999992 0.999996 0.999998 0.999999 1.000000 1.000000 1.000000 1.000000 1 1 1.000000 1 1 1 1 1 1 1 1 1 1 1 1 1 1 1 1 1 1 1 1 1 1 1 1 1 1 1 1 1 1 1 1 1 1 1 1 1 1 1 1 1 1 1 1 1 1 1 1 1 1 1 1 1 1 1 1 1 1 1 1 1 1 1 1 1 1 1 1 1 1 1 1 1 1
aa 2 0.027786 0.093322 0.177558 0.268113 0.357768 0.442277 0.519821 0.588931 0.650028 0.703131 0.748825 0.788146 0.821761 0.850275 0.874400 0.894714 0.911878 0.926250 0.938329 0.948524 0.956995 0.964109 0.970039 0.975005 0.979153 0.982596 0.985473 0.987914 0.989916 0.991585 0.992992 0.994157 0.995124 0.995941 0.996626 0.997176 0.997652 0.998041 0.998366 0.998641 0.998859 0.999061 0.999209 0.999350 0.999458 0.999548 0.999619 0.999684 0.999738 0.999778 0.999818 0.999846 0.999874 0.999895 0.999911 0.999927 0.999941 0.999950 0.999958 0.999965 0.999971 0.999976 0.999981 0.999984 0.999987 0.999989 0.999991 0.999993 0.999994 0.999995 0.999996 0.999997 0.999997 0.999998 0.999998 0.999999 0.999999 0.999999 0.999999 0.999999 0.999999 1.000000 1.000000 1.000000 1.000000 1.000000 1.000000 1.000000 1.000000 1.000000 1.000000 1.000000 1.000000 1.000000 1.000000 1.000000 1 1.000000 1.000000 1.000000
aa 3 0.074056 0.223049 0.382971 0.526536 0.645280 0.738693 0.809772 0.862939 0.901840 0.930189 0.950554 0.965078 0.975433 0.982765 0.987913 0.991550 0.994092 0.995888 0.997127 0.997988 0.998593 0.999026 0.999323 0.999531 0.999671 0.999771 0.999842 0.999891 0.999926 0.999950 0.999965 0.999977 0.999983 0.999989 0.999993 0.999995 0.999997 0.999998 0.999998 0.999999 0.999999 1.000000 1.000000 1.000000 1.000000 1.000000 1.000000 1.000000 1.000000 1.000000 1.000000 1 1.000000 1 1 1 1 1 1 1 1 1 1 1 1 1 1 1 1 1 1 1 1 1 1 1 1 1 1 1 1 1 1 1 1 1 1 1 1 1 1 1 1 1 1 1 1 1 1 1
aa 4 0.131948 0.358018 0.561265 0.713623 0.818583 0.887559 0.931294 0.958428 0.975101 0.985201 0.991243 0.994840 0.996974 0.998218 0.998954 0.999394 0.999647 0.999792 0.999882 0.999934 0.999962 0.999980 0.999988 0.999994 0.999996 0.999998 0.999999 0.999999 1.000000 1.000000 1.000000 1.000000 1 1.000000 1.000000 1.000000 1 1 1 1 1 1 1 1 1 1 1 1 1 1 1 1 1 1 1 1 1 1 1 1 1 1 1 1 1 1 1 1 1 1 1 1 1 1 1 1 1 1 1 1 1 1 1 1 1 1 1 1 1 1 1 1 1 1 1 1 1 1 1 1
aa 5 0.196264 0.483210 0.698858 0.833771 0.911547 0.953923 0.976448 0.988116 0.994047 0.997038 0.998530 0.999276 0.999640 0.999828 0.999920 0.999963 0.999983 0.999992 0.999996 0.999999 0.999999 1.000000 1.000000 1.000000 1.000000 1.000000 1 1.000000 1 1 1 1 1 1 1 1 1 1 1 1 1 1 1 1 1 1 1 1 1 1 1 1 1 1 1 1 1 1 1 1 1 1 1 1 1 1 1 1 1 1 1 1 1 1 1 1 1 1 1 1 1 1 1 1 1 1 1 1 1 1 1 1 1 1 1 1 1 1 1 1
aaa 3 0.004612 0.028523 0.074767 0.138875 0.214009 0.294167 0.374643 0.452033 0.523964 0.589551 0.648134 0.699882 0.745013 0.783998 0.817676 0.846306 0.870747 0.891494 0.909039 0.923716 0.936154 0.946662 0.955394 0.962756 0.968890 0.973999 0.978323 0.981906 0.984898 0.987420 0.989520 0.991238 0.992706 0.993912 0.994926 0.995775 0.996481 0.997066 0.997553 0.997967 0.998302 0.998586 0.998831 0.999021 0.999188 0.999318 0.999426 0.999526 0.999607 0.999674 0.999727 0.999773 0.999812 0.999841 0.999868 0.999892 0.999909 0.999926 0.999939 0.999949 0.999957 0.999965 0.999971 0.999976 0.999981 0.999984 0.999986 0.999989 0.999990 0.999993 0.999994 0.999995 0.999996 0.999997 0.999997 0.999998 0.999998 0.999998 0.999999 0.999999 0.999999 0.999999 0.999999 0.999999 1.000000 1.000000 1.000000 1.000000 1.000000 1.000000 1.000000 1.000000 1.000000 1.000000 1.000000 1.000000 1.000000 1.000000 1.000000 1.000000
aaa 4 0.016205 0.087990 0.204464 0.339507 0.472020 0.589704 0.688450 0.767432 0.828628 0.875063 0.909835 0.935331 0.953876 0.967276 0.976875 0.983692 0.988519 0.991950 0.994355 0.996052 0.997244 0.998079 0.998672 0.999069 0.999354 0.999557 0.999696 0.999788 0.999855 0.999900 0.999931 0.999953 0.999969 0.999979 0.999986 0.999990 0.999994 0.999995 0.999997 0.999998 0.999999 0.999999 0.999999 1.000000 1.000000 1.000000 1.000000 1.000000 1.000000 1.000000 1.000000 1.000000 1 1.000000 1 1 1.000000 1 1 1 1 1 1 1 1 1 1 1 1 1 1 1 1 1 1 1 1 1 1 1 1 1 1 1 1 1 1 1 1 1 1 1 1 1 1 1 1 1 1 1
aaa 5 0.035476 0.170543 0.354735 0.533243 0.679373 0.787836 0.863307 0.913971 0.946769 0.967484 0.980326 0.988171 0.992905 0.995792 0.997511 0.998545 0.999152 0.999514 0.999721 0.999842 0.999910 0.999950 0.999971 0.999983 0.999991 0.999995 0.999997 0.999998 0.999999 0.999999 1.000000 1.000000 1.000000 1.000000 1.000000 1.000000 1.000000 1.000000 1 1 1 1 1 1 1 1 1 1 1 1 1 1 1 1 1 1 1 1 1 1 1 1 1 1 1 1 1 1 1 1 1 1 1 1 1 1 1 1 1 1 1 1 1 1 1 1 1 1 1 1 1 1 1 1 1 1 1 1 1 1
aaa 6 0.062315 0.266050 0.499946 0.688935 0.818161 0.898181 0.944963 0.970896 0.984890 0.992231 0.996018 0.998029 0.999028 0.999533 0.999774 0.999894 0.999950 0.999977 0.999990 0.999995 0.999998 0.999999 1.000000 1.000000 1.000000 1.000000 1.000000 1 1 1 1 1 1 1 1 1 1 1 1 1 1 1 1 1 1 1 1 1 1 1 1 1 1 1 1 1 1 1 1 1 1 1 1 1 1 1 1 1 1 1 1 1 1 1 1 1 1 1 1 1 1 1 1 1 1 1 1 1 1 1 1 1 1 1 1 1 1 1 1 1
aaaa 4 0.000771 0.008710 0.031482 0.071820 0.128123 0.195558 0.270257 0.346995 0.422459 0.494231 0.560824 0.621401 0.675396 0.722999 0.764582 0.800634 0.831473 0.858016 0.880524 0.899625 0.915803 0.929527 0.940996 0.950620 0.958697 0.965508 0.971191 0.975976 0.979943 0.983264 0.986037 0.988363 0.990289 0.991925 0.993256 0.994386 0.995316 0.996110 0.996748 0.997310 0.997748 0.998129 0.998445 0.998701 0.998918 0.999100 0.999246 0.999376
aaaa 4 0.000777 0.008706 0.031471 0.071760 0.128104 0.195542 0.270120 0.347034 0.422426 0.494207 0.560753 0.621252 0.675286 0.722999 0.764615 0.800562 0.831536 0.858060 0.880543 0.899721 0.915819 0.929444 0.940956 0.950641 0.958739 0.965486 0.971226 0.975952 0.979938 0.983251 0.986048 0.988352 0.990290 0.991902 0.993254 0.994384 0.995328 0.996102 0.996743 0.997297 0.997761 0.998132 0.998445 0.998700 0.998913 0.999103 0.999248 0.999377 0.999475 0.999564 0.999639 0.999702 0.999752 0.999793 0.999829 0.999858 0.999880 0.999903 0.999920 0.999932 0.999944 0.999954 0.999963 0.999968 0.999974 0.999979 0.999982 0.999986 0.999988 0.999990 0.999993 0.999993 0.999994 0.999995 0.999996 0.999997 0.999998 0.999998 0.999998 0.999999 0.999999 0.999999 0.999999 0.999999 1.000000 1.000000 1.000000 1.000000 1.000000 1.000000 1.000000 1.000000 1.000000 1.000000 1.000000 1.000000 1.000000 1.000000 1.000000 1.000000
aaaa 5 0.003343 0.032927 0.104205 0.210500 0.333853 0.457975 0.571659 0.669390 0.749806 0.813685 0.862955 0.900149 0.927916 0.948301 0.963069 0.973725 0.981428 0.986877 0.990794 0.993540 0.995498 0.996871 0.997829 0.998487 0.998950 0.999276 0.999498 0.999655 0.999763 0.999839 0.999887 0.999922 0.999947 0.999964 0.999976 0.999983 0.999989 0.999993 0.999995 0.999997 0.999998 0.999998 0.999999 0.999999 1.000000 1.000000 1.000000 1.000000 1.000000 1.000000 1.000000 1.000000 1.000000 1.000000 1.000000 1.000000 1 1 1 1 1 1 1 1 1 1 1 1 1 1 1 1 1 1 1 1 1 1 1 1 1 1 1 1 1 1 1 1 1 1 1 1 1 1 1 1 1 1 1 1
aaaa 6 0.008689 0.074985 0.210096 0.377750 0.540391 0.676987 0.781922 0.857236 0.908710 0.942691 0.964452 0.978203 0.986777 0.992082 0.995309 0.997246 0.998397 0.999067 0.999464 0.999691 0.999824 0.999900 0.999944 0.999968 0.999982 0.999989 0.999994 0.999997 0.999998 0.999999 1.000000 1.000000 1.000000 1.000000 1.000000 1.000000 1.000000 1.000000 1.000000 1 1 1 1 1 1 1 1 1 1 1 1 1 1 1 1 1 1 1 1 1 1 1 1 1 1 1 1 1 1 1 1 1 1 1 1 1 1 1 1 1 1 1 1 1 1 1 1 1 1 1 1 1 1 1 1 1 1 1 1 1
aaaaa 5 0.000130 0.002668 0.013241 0.037185 0.076516 0.130393 0.194711 0.265994 0.340460 0.414516 0.485429 0.551850 0.612375 0.666729 0.715007 0.757297 0.794083 0.825707 0.852890 0.876147 0.895919 0.912629 0.926712 0.938690 0.948720 0.957080 0.964182 0.970069 0.974990 0.979161 0.982620 0.985512 0.987914 0.989910 0.991610 0.993001 0.994167 0.995153 0.995962 0.996646 0.997195 0.997667 0.998061 0.998382 0.998654 0.998879 0.999068 0.999223 0.999354 0.999460 0.999554 0.999629 0.999693 0.999744 0.999788 0.999825 0.999854 0.999878 0.999899 0.999915 0.999931 0.999943 0.999953 0.999961 0.999967 0.999973 0.999978 0.999981 0.999986 0.999988 0.999990 0.999991 0.999993 0.999994 0.999995 0.999996 0.999997 0.999997 0.999998 0.999998 0.999999 0.999999 0.999999 0.999999 0.999999 1.000000 1.000000 1.000000 1.000000 1.000000 1.000000 1.000000 1.000000 1.000000 1.000000 1.000000 1.000000 1.000000 1.000000 1.000000
aaaaa 6 0.000666 0.011912 0.051762 0.127168 0.230303 0.347810 0.466411 0.575809 0.670738 0.749318 0.812225 0.861060 0.898337 0.926258 0.946893 0.962041 0.973004 0.980908 0.986540 0.990551 0.993395 0.995390 0.996785 0.997767 0.998450 0.998926 0.999258 0.999484 0.999649 0.999757 0.999833 0.999886 0.999923 0.999946 0.999964 0.999975 0.999983 0.999988 0.999992 0.999995 0.999997 0.999998 0.999999 0.999999 0.999999 0.999999 1.000000 1.000000 1.000000 1.000000 1.000000 1.000000 1.000000 1.000000 1 1.000000 1.000000 1 1 1 1 1 1 1 1 1 1 1 1 1 1 1 1 1 1 1 1 1 1 1 1 1 1 1 1 1 1 1 1 1 1 1 1 1 1 1 1 1 1 1
aaaaaa 6 0.000021 0.000814 0.005613 0.019307 0.045879 0.086432 0.140305 0.204423 0.274761 0.347765 0.420187 0.489795 0.554954 0.614599 0.668319 0.716009 0.758090 0.794600 0.826183 0.853335 0.876446 0.896119 0.912838 0.926872 0.938799 0.948816 0.957226 0.964231 0.970179 0.975065 0.979222 0.982655 0.985548 0.987959 0.989985 0.991622 0.993056 0.994196 0.995176 0.995970 0.996657 0.997220 0.997671 0.998073 0.998390 0.998658 0.998880 0.999069 0.999222 0.999356 0.999466 0.999553 0.999630 0.999692 0.999750 0.999788 0.999824 0.999852 0.999881 0.999900 0.999917 0.999932 0.999943 0.999952 0.999960 0.999967 0.999973 0.999978 0.999981 0.999985 0.999988 0.999990 0.999992 0.999993 0.999995 0.999995 0.999996 0.999997 0.999997 0.999998 0.999998 0.999999 0.999999 0.999999 0.999999 0.999999 0.999999 1.000000 1.000000 1.000000 1.000000 1.000000 1.000000 1.000000 1.000000 1.000000 1.000000 1.000000 1.000000 1.000000
ab 2 0.055578 0.163521 0.281076 0.391078 0.488265 0.571601 0.642125 0.701426 0.751095 0.792453 0.826948 0.855848 0.879834 0.899845 0.916553 0.930407 0.942050 0.951723 0.959752 0.966479 0.972051 0.976712 0.980601 0.983820 0.986530 0.988777 0.990646 0.992195 0.993511 0.994587 0.995491 0.996244 0.996856 0.997380 0.997813 0.998186 0.998490 0.998744 0.998947 0.999126 0.999269 0.999390 0.999495 0.999580 0.999648 0.999709 0.999754 0.999799 0.999831 0.999861 0.999883 0.999899 0.999919 0.999931 0.999942 0.999952 0.999961 0.999967 0.999973 0.999977 0.999981 0.999984 0.999988 0.999989 0.999991 0.999993 0.999994 0.999995 0.999995 0.999997 0.999997 0.999998 0.999998 0.999998 0.999999 0.999999 0.999999 0.999999 0.999999 0.999999 1.000000 1.000000 1.000000 1.000000 1.000000 1.000000 1.000000 1.000000 1.000000 1.000000 1.000000 1.000000 1.000000 1.000000 1.000000 1.000000 1.000000 1.000000 1.000000 1.000000
abc 3 0.027783 0.115318 0.228169 0.341185 0.444003 0.533666 0.609992 0.674391 0.728286 0.773499 0.811234 0.842655 0.868849 0.890684 0.908926 0.924104 0.936799 0.947302 0.956078 0.963376 0.969492 0.974586 0.978825 0.982334 0.985295 0.987741 0.989789 0.991482 0.992905 0.994091 0.995077 0.995898 0.996574 0.997148 0.997631 0.998017 0.998346 0.998628 0.998855 0.999047 0.999203 0.999333 0.999449 0.999540 0.999618 0.999679 0.999732 0.999777 0.999815 0.999848 0.999872 0.999892 0.999911 0.999927 0.999939 0.999949 0.999958 0.999964 0.999970 0.999975 0.999980 0.999982 0.999986 0.999988 0.99999 0.999992 0.999993 0.999994 0.999996 0.999996 0.999996 0.999997 0.999998 0.999998 0.999998 0.999998 0.999999 0.999999 0.999999 0.999999 1.000000 0.999999 1.000000 1.000000 1.000000 1.000000 1.000000 1.000000 1.000000 1.000000 1.000000 1.000000 1.000000 1.000000 1.000000 1.000000 1.000000 1.000000 1.000000 1
abcd 4 0.018512 0.095854 0.205402 0.319090 0.424281 0.516553 0.595366 0.662171 0.718153 0.765024 0.804128 0.836679 0.863897 0.886568 0.905504 0.921177 0.934372 0.945277 0.954426 0.962010 0.968356 0.973596 0.977999 0.981676 0.984736 0.987262 0.989393 0.991181 0.992633 0.993858 0.994890 0.995749 0.996450 0.997041 0.997528 0.997944 0.998281 0.998576 0.998816 0.999013 0.999179 0.999308 0.999428 0.999518 0.999604 0.999665 0.999720 0.999770 0.999808 0.999840 0.999865 0.999889 0.999908 0.999922 0.999936 0.999945 0.999954 0.999962 0.999967 0.999974 0.999977 0.999982 0.999984 0.999987 0.999989 0.999991 0.999992 0.999993 0.999995 0.999995 0.999996 0.999997 0.999997 0.999998 0.999998 0.999999 0.999999 0.999999 0.999999 0.999999 0.999999 1.000000 1.000000 1.000000 1.000000 1.000000 1.000000 1.000000 1.000000 1.000000 1.000000 1.000000 1.000000 1.000000 1.000000 1.000000 1.000000 1.000000 1.000000 1.000000
abcde 5 0.015417 0.088658 0.196771 0.310803 0.416750 0.510032 0.589900 0.657549 0.714261 0.761676 0.801362 0.834455 0.862002 0.885033 0.904199 0.920193 0.933453 0.944522 0.953775 0.961482 0.967906 0.973241 0.977719 0.981418 0.984525 0.987107 0.989238 0.991039 0.992538 0.993788 0.994824 0.995678 0.996403 0.996998 0.997500 0.997926 0.998271 0.998555 0.998792 0.998990 0.999166 0.999302 0.999420 0.999516 0.999598 0.999664 0.999721 0.999767 0.999805 0.999836 0.999865 0.999886 0.999903 0.999921 0.999935 0.999945 0.999953 0.999961 0.999967 0.999974 0.999976 0.999981 0.999984 0.999987 0.999989 0.999991 0.999992 0.999994 0.999995 0.999995 0.999996 0.999997 0.999997 0.999998 0.999998 0.999998 0.999999 0.999999 0.999999 0.999999 0.999999 0.999999 1.000000 1.000000 1.000000 1.000000 1.000000 1.000000 1.000000 1.000000 1.000000 1.000000 1.000000 1.000000 1.000000 1.000000 1.000000 1.000000 1.000000 1.000000
abcdef 6 0.015407 0.088597 0.196715 0.310876 0.416881 0.510057 0.589995 0.657499 0.714241 0.761698 0.801290 0.834412 0.861938 0.885031 0.904149 0.920164 0.933483
abcdef 6 0.015417 0.088598 0.196774 0.310781 0.416771 0.509981 0.589962 0.657463 0.714247 0.761716 0.801363 0.834427 0.862001 0.884984 0.904151 0.920121 0.933444 0.944564 0.953745 0.961486 0.967935 0.973259 0.977703 0.981422 0.984556 0.987138 0.989243 0.991027 0.992530 0.993777 0.994816 0.995679 0.996398 0.997012 0.997509 0.997919 0.998268 0.998556 0.998792 0.999000 0.999164 0.999300 0.999416 0.999516 0.999598 0.999662 0.999721 0.999765 0.999806 0.999837 0.999865 0.999889 0.999909 0.999922 0.999935 0.999946 0.999956 0.999961 0.999969 0.999973 0.999977 0.999983 0.999984 0.999987 0.999989 0.999992 0.999992 0.999994 0.999995 0.999996 0.999996 0.999997 0.999998 0.999998 0.999998 0.999998 0.999999 0.999999 0.999999 0.999999 0.999999 1.000000 1.000000 1.000000 1.000000 1.000000 1.000000 1.000000 1.000000 1.000000 1.000000 1.000000 1.000000 1.000000 1.000000 1.000000 1.000000 1.000000 1.000000 1.000000
aab 3 0.013893 0.069064 0.153658 0.249998 0.346486 0.436827 0.518473 0.590434 0.653153 0.707106 0.753387 0.792674 0.825895 0.854049 0.877792 0.897775 0.914545 0.928564 0.940355 0.950210 0.958409 0.965279 0.971039 0.975867 0.979859 0.983198 0.985982 0.988340 0.990278 0.991882 0.993241 0.994372 0.995300 0.996070 0.996732 0.997277 0.997738 0.998114 0.998428 0.998687 0.99891 0.999094 0.999241 0.999365 0.999473 0.999560 0.999635 0.999696 0.999744 0.999789 0.999823 0.999852 0.999876 0.999898 0.999915 0.999931 0.999940 0.999951 0.999960 0.999966 0.999973 0.999978 0.999981 0.999984 0.999987 0.999990 0.999992 0.999993 0.999994 0.999995 0.999996 0.999997 0.999997 0.999998 0.999998 0.999998 0.999999 0.999999 0.999999 0.999999 0.999999 0.999999 1.000000 1.000000 1.000000 1.000000 1.000000 1.000000 1.000000 1.000000 1.000000 1.000000 1.000000 1.000000 1.000000 1.000000 1.000000 1.000000 1.000000 1.000000
aaab 4 0.003090 0.026243 0.076449 0.147136 0.228785 0.313964 0.397296 0.475532 0.547185 0.611542 0.668388 0.718082 0.761277 0.798164 0.829948 0.856922 0.879842 0.899205 0.915587 0.929302 0.940911 0.950576 0.958673 0.965497 0.971221 0.975956 0.979944 0.983288 0.986022 0.988386 0.990309 0.991910 0.993255 0.994377 0.995309 0.996081 0.996743 0.997298 0.997741 0.998118 0.998435 0.998692 0.998919 0.999103 0.999246 0.999373 0.999480 0.999566 0.999634 0.999696 0.999752 0.999792 0.999826 0.999856 0.999879 0.999899 0.999919 0.999930 0.999943 0.999953 0.999961 0.999968 0.999972 0.999978 0.999983 0.999985 0.999988 0.999990 0.999992 0.999993 0.999995 0.999996 0.999996 0.999997 0.999997 0.999998 0.999998 0.999999 0.999999 0.999999 0.999999 0.999999 0.999999 1.000000 1.000000 1.000000 1.000000 1.000000 1.000000 1.000000 1.000000 1.000000 1.000000 1.000000 1.000000 1.000000 1.000000 1.000000 1.000000 1.000000
aabb 4 0.004636 0.037448 0.104336 0.192229 0.287578 0.381033 0.467710 0.545441 0.613858 0.673163 0.724285 0.767884 0.804905 0.836311 0.862808 0.885145 0.903913 0.919691 0.932905 0.943935 0.953173 0.960937 0.967403 0.972850 0.977306 0.981086 0.984244 0.986852 0.989035 0.990866 0.992384 0.993646 0.994717 0.995589 0.996324 0.996933 0.997440 0.997872 0.998222 0.998522 0.998777 0.998969 0.999148 0.999289 0.999406 0.999508 0.999585 0.999658 0.999716 0.999760 0.999803 0.999832 0.999861 0.999885 0.999904 0.999920 0.999934 0.999945 0.999955 0.999963 0.999968 0.999973 0.999978 0.999982 0.999985 0.999988 0.999989 0.999992 0.999992 0.999994 0.999995 0.999996 0.999997 0.999997 0.999998 0.999998 0.999998 0.999998 0.999999 0.999999 0.999999 0.999999 0.999999 0.999999 1.000000 1.000000 1.000000 1.000000 1.000000 1.000000 1.000000 1.000000 1.000000 1.000000 1.000000 1.000000 1.000000 1.000000 1.000000 1.000000
aabbc 5 0.003860 0.037293 0.107977 0.200310 0.298555 0.393754 0.480791 0.558192 0.625714 0.684018 0.733869 0.776338 0.812218 0.842772 0.868226 0.889777 0.907826 0.922986 0.935723 0.946310 0.955216 0.962645 0.968809 0.973974 0.978313 0.981920 0.984916 0.987406 0.989517 0.991267 0.992710 0.993919 0.994928 0.995772 0.996484 0.997065 0.997553 0.997969 0.998308 0.998587 0.998823 0.999017 0.999179 0.999318 0.999430 0.999523 0.999607 0.999673 0.999724 0.999773 0.9998
aabbc 5 0.003860 0.037311 0.108006 0.200293 0.298694 0.393700 0.480748 0.558157 0.625837 0.683978 0.733894 0.776290 0.812266 0.842712 0.868231 0.889764 0.907876 0.922995 0.935664 0.946315 0.955190 0.962595 0.968788 0.973992 0.978282 0.981894 0.984938 0.987427 0.989519 0.991268 0.992720 0.993934 0.994940 0.995788 0.996480 0.997071 0.997560 0.997969 0.998299 0.998584 0.998827 0.999012 0.999184 0.999318 0.999432 0.999526 0.999607 0.999669 0.999723 0.999772 0.999809 0.999842 0.999866 0.999890 0.999910 0.999926 0.999936 0.999946 0.999955 0.999964 0.999969 0.999974 0.999979 0.999984 0.999985 0.999988 0.999990 0.999991 0.999993 0.999994 0.999995 0.999996 0.999997 0.999997 0.999998 0.999998 0.999998 0.999999 0.999999 0.999999 0.999999 0.999999 0.999999 1.000000 1.000000 1.000000 1.000000 1.000000 1.000000 1.000000 1.000000 1.000000 1.000000 1.000000 1.000000 1.000000 1.000000 1.000000 1.000000 1.000000
aaabb 5 0.001282 0.017349 0.061628 0.130996 0.215072 0.303598 0.390649 0.472141 0.546113 0.611956 0.669751 0.719967 0.763267 0.800364 0.832035 0.858931 0.881641 0.900777 0.916911 0.930464 0.941908 0.951433 0.959459 0.966126 0.971738 0.976418 0.980327 0.983580 0.986301 0.988588 0.990479 0.992057 0.993382 0.994483 0.995403 0.996177 0.996817 0.997349 0.997784 0.998165 0.998468 0.998724 0.998931 0.999110 0.999261 0.999381 0.999488 0.999574 0.999643 0.999702 0.999754 0.999795 0.999830 0.999856 0.999882 0.999903 0.999918 0.999931 0.999944 0.999954 0.999961 0.999968 0.999972 0.999978 0.999982 0.999985 0.999988 0.999990 0.999992 0.999993 0.999994 0.999995 0.999996 0.999997 0.999997 0.999998 0.999998 0.999999 0.999999 0.999999 0.999999 0.999999 1.000000 0.999999 1.000000 1.000000 1.000000 1.000000 1.000000 1.000000 1.000000 1.000000 1.000000 1.000000 1.000000 1.000000 1.000000 1.000000 1.000000 1.000000
aaabbb 6 0.000429 0.009482 0.042270 0.102012 0.180272 0.267359 0.355404 0.438979 0.515873 0.585133 0.646239 0.699608 0.745751 0.785384 0.819204 0.847985 0.872449 0.893015 0.910467 0.924982 0.937297 0.947574 0.956202 0.963406 0.969496 0.974548 0.978762 0.982257 0.985204 0.987674 0.989740 0.991429 0.992854 0.994050 0.995049 0.995863 0.996553 0.997130 0.997603 0.998008 0.998344 0.998623 0.998841 0.999042 0.999201 0.999329 0.999440 0.999538 0.999615 0.999680 0.999731 0.999773 0.999813 0.999846 0.999872 0.999893 0.999911 0.999926 0.999938 0.999949 0.999957 0.999964 0.999971 0.999975 0.999980 0.999983 0.999986 0.999988 0.999990 0.999992 0.999993 0.999995 0.999996 0.999996 0.999997 0.999997 0.999998 0.999998 0.999999 0.999999 0.999999 0.999999 0.999999 0.999999 0.999999 1.000000 1.000000 1.000000 1.000000 1.000000 1.000000 1.000000 1.000000 1.000000 1.000000 1.000000 1.000000 1.000000 1.000000 1.000000
aabc 4 0.009259 0.059773 0.145387 0.245165 0.345252 0.438548 0.521989 0.594980 0.658033 0.712044 0.757999 0.796973 0.829883 0.857576 0.880796 0.900369 0.916746 0.930476 0.941903 0.951562 0.959566 0.966304 0.971913 0.976555 0.980432 0.983686 0.986412 0.988657 0.990557 0.992103 0.993440 0.994520 0.995444 0.996200 0.996832 0.997352 0.997799 0.998161 0.998470 0.998730 0.998942 0.999113 0.999267 0.999384 0.999486 0.999576 0.999646 0.999704 0.999754 0.999796 0.999830 0.999857 0.999883 0.999902 0.999919 0.999933 0.999944 0.999953 0.999963 0.999968 0.999974 0.999979 0.999982 0.999985 0.999988 0.999989 0.999991 0.999993 0.999994 0.999995 0.999996 0.999997 0.999997 0.999998 0.999998 0.999999 0.999999 0.999999 0.999999 0.999999 0.999999 1.000000 1.000000 1.000000 1.000000 1.000000 1.000000 1.000000 1.000000 1.000000 1.000000 1.000000 1.000000 1.000000 1.000000 1.000000 1.000000 1.000000 1.000000 1.000000
aabbcc 6 0.001922 0.026751 0.089272 0.177471 0.275142 0.371384 0.460470 0.540342 0.610253 0.670614 0.722458 0.766587 0.804076 0.835760 0.862448 0.884846 0.903693 0.919538 0.932823 0.943884 0.953169 0.960904 0.967405 0.972779 0.977312 0.981096 0.984221 0.986837 0.989029 0.990857 0.992386 0.993657 0.994699 0.995582 0.996327 0.996938 0.997442 0.997870 0.998221 0.998520 0.998771 0.998974 0.999144 0.999288 0.999405 0.999505 0.999590 0.999655 0.999715 0.999761 0.999801 0.999833 0.999862 0.999885 0.999903 0.999920 0.999933 0.999944 0.999955 0.999962 0.999967 0.999973 0.999977 0.999981 0.999984 0.999987 0.999989 0.999991 0.999993 0.999994 0.999995 0.999995 0.999996 0.999997 0.999997 0.999998 0.999998 0.999999 0.999999 0.999999 0.999999 0.999999 0.999999 0.999999 1.000000 1.000000 1.000000 1.000000 1.000000 1.000000 1.000000 1.000000 1.000000 1.000000 1.000000 1.000000 1.000000 1.000000 1.000000 1.000000

